	0
	19.683386649979383	18.847788672698517	-0.061088466229095965	0.0899570331118423
	18.825898612820353	17.849666593800105	-0.05572490684808467	0.06976136518370751
	2.5805572353779893	0.15086799379600668	0.013306415628924359	0.010724377246807942
	8.309748862376129	9.389556799965185	0.06167810215585309	0.012126969632523465
	13.925359308515157	13.9408968196886	0.0628923415966878	-0.03423759360285698
	13.773115213693838	1.9256740429106034	0.07015443092857668	0.056270464185334934
	17.04381608668704	12.266199926619723	-0.01380924685343507	-0.04781020371217404
	9.061124405199724	3.63318237536594	0.06582187119169053	-0.09179302429348733
	18.869372417434253	14.822270402119681	0.02645867125354967	0.0010406966044305965
	3.7800419573736765	11.863583084045102	0.06506664802571724	0.021711675231038716
	4.201657608746889	2.3025055588747834	0.011736057523879781	0.04112065977532503
	6.7568644982647985	6.708622778050466	0.01812376482247273	-0.0724784432340236
	7.276972629725174	5.497711879567817	-0.08485813003459151	0.025391768339955822
	19.965239654956527	17.327438020252007	0.06292859328548542	0.08525015102040437
	17.355215596255412	8.20162399653701	0.045043903812918756	0.07116257776389356
	5.491565885943768	0.3539494001507637	-0.031193730729514077	0.05313839843867066
	18.172487022007164	2.155481381944524	0.06867307572805759	-0.07038368395663781
	16.572158439648298	7.689800250585696	0.06663586507247321	-0.08685215910470619
	19.87815137795031	13.065462897763695	-0.07705204512726427	0.07071861309520555
	17.81439090130447	9.601424937133615	-0.03455328840457954	-0.06246499144304177
	16.46965826839937	18.15258422934645	0.07272077014149789	0.046303827049175766
	19.42176523058659	18.27810465830221	0.014974296958616656	0.037928735355689386
	11.757962581687291	17.745431565000093	-0.060648638663940706	-0.022853146267063626
	15.57488239016207	6.871147934414752	-0.010476210588526325	-9.350217246243825E-4
	2.5409086394187685	6.101884370601529	0.041460870435523434	-9.148978174572386E-4
	8.077326218393921	19.522628268197742	0.04055931628020626	0.06671644090342996
	8.931481895666217	9.946771636876788	0.06491233371456137	0.09876317636889645
	12.957497556755975	19.00537335865501	-0.0062424676182368105	-0.06701277961528976
	18.682355410289023	7.138177957112706	-0.08948944252488433	-0.028669448369470038
	9.924473308463632	0.3341952010219429	-0.04916564161627557	-0.057974593295511384
	4.867692172730383	2.425900709277129	-0.044390929609236233	-0.05956958803635429
	2.4079883632021004	11.071632811888685	0.09727398149731009	0.025339463472399126
	4.427703019757059	2.441343461712544	-0.09024284947391473	-0.004924428997905322
	9.369679956207762	2.039742623450458	0.014159618469950244	0.06828697927411917
	8.850975656496594	17.858902766899625	-0.05528463095917069	0.01851522297757391
	9.154752315074873	5.762779869279306	0.04562582222896047	-0.0920627931816887
	17.66413769304338	7.094700025932418	0.035613247919260765	-0.08904581895463178
	0.36026773067660667	4.203871870560243	-0.01697761505219028	-0.03260840375529224
	0.4179345540889412	2.9592812017293957	0.06271810970662531	-0.05900614025765882
	15.028279030095206	2.2220786452233687	0.0927002530891568	0.04277943106700244
	3.503348230895189	11.356690296388063	-0.007770634582491831	0.0999222791487275
	15.429074554208825	8.66451316458237	-0.06359979210479455	-0.023471679247368593
	4.400895518827466	19.42310934282479	-0.02029212105322284	0.07848813106063857
	7.281817167336804	3.121473436561033	-0.0884547383830659	0.07414230979863909
	17.860799423426403	19.4240273313005	-0.07880463258019724	-0.06244838692139163
	9.466902527254783	13.11082527565533	-0.026691840050650867	-0.04839699186755018
	16.031231840377572	4.279697701100398	0.014774011201951959	0.002012793737066268
	13.116387858985119	3.821150842091805	-0.008854358522883327	0.036642117201901414
	17.696382833794903	0.7644115560529685	0.08926192131652139	-0.028324131706096864
	1.4258761370203743	10.531457207248947	0.03956138510930168	-0.010483665233061504
	10.555622909257117	17.22589929345585	0.006935246768631137	-0.08678439774922725
	5.613268477003313	2.438531164072939	0.026179959939993697	0.05754868276930611
	14.869568281157214	14.09695928595383	-0.04638681480644291	0.07417003144396014
	2.15683397448043	15.861294593086466	0.01978430453195397	0.03258291372606459
	16.818381325939992	17.522187300104413	0.09213730486835414	-0.05710870669188908
	11.777071833658162	14.654804514212065	0.05678973045629426	0.04163053308396142
	15.56218270510201	9.098461163069818	0.07422206499766976	0.06764429771038949
	1.5838765627702744	6.154820123409079	0.07669757198614024	0.06837282390096078
	19.26296439023247	18.0286256743928	0.0808485965386668	0.04355074201560588
	18.392545393318407	2.0871423203557127	-0.03460795719289132	0.07681303436529396
	12.221941678153506	15.913591610708814	-0.0071807948329259685	-0.022166206621830192
	13.419199232957439	5.6142075581666395	0.06971417337809158	0.08825669232938
	17.80580466249789	8.958852504839728	-0.019214673341076544	0.05182656888183876
	16.398219021745533	8.054707852023878	-0.01243310488723684	-0.051069188556674465
	19.97985801337198	17.54720151049642	0.0480070026460791	-0.087534647015946
	0.6213330972369202	11.800278793990397	-0.06512416993185335	0.01793568771112493
	0.03557916362659341	8.93021060676466	0.059297241129615846	-0.05350362670621944
	9.480019144766885	19.566590351516243	-0.055949509388892676	0.0038555884459179762
	14.494649306375445	5.216816844753229	-0.053950082933741955	0.01738257325393662
	9.799917542122326	4.354446969798593	-0.04183900540631751	0.08323761398376689
	5.191039835386078	5.888144100152928	0.08994527894919022	-0.022095060268594605
	17.58798305795764	19.35978862391434	-0.04913426098112594	0.045280820745880024
	13.177278246541174	1.7434643332461608	-0.04312773878528334	0.010710435331245188
	7.770133997198856	2.5597701605075973	-0.0758043374068239	-0.07553965278179327
	4.370538090081785	15.482987255489988	0.07780235093435497	-0.005433391242605362
	11.079190216140159	16.81536643753112	0.014621217935989889	0.006444309645954188
	6.7487387450261345	3.0589535125433343	0.05479479374577212	0.04584073389929538
	18.45991888858083	3.069242667012877	-0.02760170896352443	0.022543904542172727
	6.42636025971062	9.477271069733625	0.00800853314004675	-0.057270964633876424
	16.190042009153075	11.580908419352811	-0.029990170363852764	-0.015929990093847476
	13.0842227574462	12.907740608382579	-0.02645869131257668	-0.09598046831601757
	3.373088959906745	14.12944621673833	0.04259002420444932	0.050352386861091475
	3.9970030482472896	11.761671917005838	0.0121118862942442	-0.03532031382883341
	17.54100998194256	8.727401330221943	0.0665384250947944	0.07281040189550941
	10.296788746468643	10.821493963528237	-0.004953481633050094	-0.032682037123632254
	13.81149612495657	7.627688529953145	0.0421015130527444	0.01234700510827283
	19.130516377070027	4.557729375300957	-0.0032738092060863033	-0.02842378692110613
	8.37698177025384	9.268659420528472	-0.03848035897133333	0.08847051479308307
	11.013654294194083	18.44449367309541	-0.05840357420286233	0.07276751306444953
	8.059343097573237	15.29075290725918	-0.08359241546288132	0.08593149884907042
	12.952031551294903	12.385455934664016	0.029036792185998667	0.01658202661518937
	4.2463263491032315	4.8714293309822505	-0.0736428214153522	-0.08170497820589454
	4.798245283476379	14.287982060572418	0.0908324965585122	-0.0015588277706336529
	11.732781284309846	0.36338316420416295	0.05532094371706517	-0.07224885942031943
	8.828606458362016	16.373961664822417	0.02368588691287221	0.04408828254878483
	0.821804736064875	10.584288321850618	-0.07684421117640561	0.08659950715715725
	0.6711180485806301	11.99159779553221	-0.016849172290804737	-0.017738395213400177
	4.497917566124543	1.0946327838301895	-0.08322372600632921	0.05822663305512629
	3.4845094519330644	16.493227127549318	-0.07443159102650604	0.04080355580440817
	1.5664544520749324	14.413471146222756	0.05868724579097631	-0.025972738026725534
	6.682884679153593	2.170013117484193	-0.058972404554441284	-0.07568238151151592
	1.3603513055329652	7.360197099683123	2.358572036665202E-4	-0.01239591446349246
	5.520067224944299	4.2851379259870415	0.0330698487698069	0.06449243468075011
	5.947564196032755	7.5737424799284225	-0.027256530498045814	-0.021287197629820648
	8.492266371568542	2.922901453427511	-0.0301979747611094	-0.026529815052934974
	1.7293743150163343	16.74885752910398	-0.04825194044589858	-0.0031975953957287945
	5.787204732373656	13.671915219290193	-0.043722824779572435	0.07614428999493791
	13.901874635493897	4.242444710243072	-0.03209181456900903	-0.04236662386454171
	13.902398306096329	9.086360705010112	-0.04055186810142251	0.0490292861430362
	4.459951397804771	1.4411648649666042	0.03268990495737803	-0.06366076672648202
	9.074793973904178	2.4200634924322406	-0.04530580311848538	-0.04864653144020206
	7.255122216769347	4.644844403506281	-0.06222180210300006	-0.06357028147289517
	15.308509304836974	15.303915767564387	-0.0431335431042599	0.09828276666410465
	12.075607193288146	2.2084782777188994	0.034224946150514385	0.05661679640984055
	1.556949382797319	1.8379596277340227	0.04899254060744901	0.09669215220454982
	13.799053105040803	0.2989017403558436	6.656952265648719E-4	-0.07402272889881323
	7.010106752409282	12.995227196051392	-0.07177288254694798	-0.05934146392602877
	12.375351392300418	10.860499403855703	-0.03049222712245621	-0.0671511437828311
	13.45738171377505	17.28521157150366	-0.04867048356401471	-0.05314281014025664
	4.729034737630724	5.247589367948331	-0.0041872628980756665	-0.0660108294813454
	19.340787203112185	6.30062853710319	0.08089533960038187	-6.987271569276893E-4
	10.627755686565974	7.469406996809694	-0.0743337174177014	-0.002089972982360022
	1.3829447489572577	7.0719063210096245	-0.09123583803055056	0.06837203215837204
	1.1453871836538254	2.106886298972952	0.049149182533831104	-0.09006779224999438
	16.568796153009572	17.07961998725338	0.06447076735024701	0.07084497573238338
	10.555320627030003	3.6987367317948205	-0.09240690687637548	0.04638867842694122
	19.779494910292044	12.325879250466771	0.004302644039558309	0.04562515803036041
	10.321559259991396	16.757567793399875	0.0656253504270102	0.011537024406685442
	10.521470662685719	14.041441939626594	0.020471808109570194	-0.06583746954729071
	7.312244712280149	8.565118942157657	-0.044422739786825385	-0.07687525083916454
	15.963191690026088	15.406124352245378	-0.08989567268128609	-0.024973872787292378
	17.442277408267884	0.508921472129864	0.05515061902426219	0.031183807712702183
	6.886678921391596	6.08585235388678	-0.09980377845489148	0.04887360321809031
	0.6587316466072957	17.961000848366076	0.06880757626981718	0.059513636501323935
	8.180360626780391	9.44047100448377	-0.06262026614105226	0.04306059897865283
	3.5147888555041185	3.5625125356372767	0.049169236825425566	0.07044470763196786
	6.144386713038815	4.932235833051806	-0.07971073284665764	0.044392051367490803
	1.5349515161797789	14.266484087595732	-0.08322129273187749	-0.029142541673820174
	11.149047185813448	6.565655036953226	0.07751163914637443	-0.08597449981802369
	5.1563245299292015	8.60411954508821	0.014904606401541523	0.0010642659770484092
	6.081481117027179	7.115168490985737	0.07555056261789725	-0.04970581497485849
	10.237788097588608	7.378395611381883	-0.02936858403724385	0.07804494064716092
	18.53538520818808	17.44790598106539	-0.021069428134302154	-0.09677438115519094
	16.960911152240815	18.3519733247806	0.024303252605674203	-0.09934094431713772
	17.842965162096984	10.424558298537754	0.07851102631981538	-0.031210976219897463
	9.40349356066764	13.48471992807633	-0.06354189428549822	0.06684115454494399
	16.817904264110485	19.662178126859313	0.054275952531816135	-0.038587087816690895
	2.148649480134195	15.889416420074586	-0.01529024998822584	-0.09858216353771265
	12.472656597412573	4.868497062079591	-0.0546889662679928	0.04007190172692751
	19.999376074323706	12.912520443331879	0.022604952671251316	0.0480683658769018
	9.992900022192519	17.508148017916426	-0.03762587820820862	-0.053750342221918636
	2.200592149702949	1.6101131364624677	0.08830387323710279	-0.0599165824233652
	19.89651537691597	3.236936420841452	0.0974111446719231	-0.09865741280026225
	13.527645600594216	13.377468785645718	0.023001867980265628	0.03195926187890091
	19.573997483335468	0.8411070501218032	-0.040435463232402324	-0.09342311271457211
	1.1823400286829688	15.60393310737626	-0.01266879823376188	-0.052502446690540744
	7.301720653193387	1.3443241658099558	0.09866655647574965	-0.009730778632244766
	18.644543236655565	9.963112999427988	0.04855155331469502	0.07996377482387382
	9.3390259755799	15.49586629179039	0.06490532812838501	-0.044730844599617604
	5.459485011712988	19.311632008882857	-0.04784158836025912	0.06599002164352916
	8.864625006137176	3.0293160978086386	-0.002703412085894419	-0.006320678999242962
	5.397877750872202	18.158005429777866	-0.011391136921542769	-0.05270920780968276
	9.27733471553851	2.881810684738493	0.03378953351557559	-0.04354295676551874
	4.508022791942947	15.276460266480218	-0.08081545924020231	-0.06710677485952915
	3.780712812122171	9.98969630025754	0.09228046067125178	0.09225904079402411
	15.286098993946375	1.2788165620735104	0.03458177978582838	0.07946593327033522
	18.19067096200048	11.327215124459132	-0.015496807441051003	-0.09710145730345945
	3.5228633901521555	8.820814580459508	-0.01436053237349906	-0.08153645650093416
	4.549683773456459	1.5306256635923088	-0.006289437491615882	0.0020420284780972714
	10.342022443526893	18.607563538173597	0.04768519362810411	0.0761867606465331
	9.40075150447516	6.7509558536913445	-0.02774337940285028	-0.09071934601583474
	3.5275592504181086	0.47606922452266387	-0.041699176798142945	0.05649063821091446
	2.468786278651285	14.304345725386554	0.09663448724523022	-0.03653093338720258
	19.444344845138147	5.571069926582006	0.002878776332408489	-0.014243469528541053
	9.016644296857221	15.239740545389681	0.05522005379135342	-0.0027676050716749917
	9.68838121669534	2.9937020931319913	0.013160654691336829	0.055876008824903456
	2.2875339812340045	17.119463176587487	0.03791713849853068	0.0787997374332757
	5.060062376567062	2.290791279826294	-0.008979789639534858	0.04337785742947889
	1.215092320085569	15.108977843396936	0.04709495145308701	0.097830475322568
	13.535865328589002	1.765846938851534	-0.026927038897720773	0.03146205637348784
	2.9769167075920366	0.8979404587808304	-0.0443459701110307	0.04865744918881315
	18.620924593046734	11.831124695529196	-0.08873506310746136	-0.08341251972883049
	19.986901699384557	1.0254161443257126	7.52170626681245E-4	-0.05262108604463849
	19.796954939229728	2.483392288586541	-0.03958644503047009	0.04239285661467557
	6.566244296978187	8.857912289465457	0.020667153591751378	0.008488948583427497
	17.73704705426852	14.474329314831618	0.03574381030423052	-0.028886637760916753
	11.802517070251534	7.769675518195715	-0.08253166996021144	0.0022438201846927547
	13.540861540569287	14.859756244806558	0.03178327026984534	-0.02371205516367443
	2.0007396995716853	17.000462927985215	-0.0403853859826123	0.015719677130515655
	3.4508035225975275	9.350186554470794	0.07854977936797039	-0.07956454020353565
	18.649913818371434	6.216796143833021	0.02629150842698799	-0.05147538967716292
	8.341774312433198	6.248459895832639	0.05178594558346966	-0.032489683633235664
	15.97300905787764	19.97847820764558	-0.06075472220152196	-0.011613839894417069
	0.7341327034638989	19.748515532277967	0.05106493371305498	0.07233130010045682
	15.897929442564324	9.1129305838453	0.028067646493973836	0.03234288216054393
	1.1615395454756916	3.982621835751694	-0.08708766783548194	-0.012190059932017341
	7.681514485090847	2.4257072956742043	0.03132967114172197	-0.05397330498779549
	10.432370135503547	3.4426824661772337	0.03565911773246161	0.03568770510173028
	4.438158450540335	9.226300443958657	-0.051341195022069845	0.08653024919098626
	4.655433844897052	10.264506203793236	0.05856123229893556	0.097623996405998
	9.469172944369857	0.8241516338200761	-0.07220156616452021	0.05361161616212029
	5.857746906943264	14.352214291043532	0.059791365533670066	8.598667870575172E-4
	1.5585355697651648	17.45055204309901	0.0958845661152018	-0.02050370025180559
	12.604161652800288	18.433239442162535	-0.08377093023427103	0.0963150911810455
	0.29520858177495946	5.987909017704551	0.02561951179827951	0.019294311387526616
	12.235663570629798	6.872652740303993	-0.09745454402073182	-0.04314095560845486
	0.0017380907099484588	13.438621059179212	0.0647178725328949	0.06205804371508186
	19.17519399250143	4.438830715362871	0.09789919330989302	-0.04037125557096695
	3.993380277688341	1.2415990594041415	0.05094538404754728	0.0467643375219228
	12.206878997046719	19.20076912041862	-0.08436925246274166	0.0586501015080958
	9.661522439033945	6.345247184474214	-0.014733550685513436	0.0380119807233448
	17.71658239993743	12.350612531105423	0.07466210451191532	-0.09734867339923028
	9.269711918481601	16.371493073995104	0.042061567068718386	-0.00701619678300458
	5.588726859055484	16.98326574332334	-0.009120361819559775	0.007840194153938468
	1.3701262410085735	8.256252480835695	0.05807116435083734	-0.06576987581186336
	9.786363604381506	17.728230694386536	0.08259793033379056	-0.043450245058552196
	13.392849686446304	2.4274744855280828	-0.03933238949238027	0.032088346360389014
	16.598494570321364	3.6170849900293844	0.05627284432745844	-0.03996021251132962
	17.229863644718364	7.882714484850504	0.07125253084121472	0.0960611851352578
	0.12069145680727811	17.68331131070189	0.06695231831538412	-0.0026258137481192517
	16.53017133655541	17.453952048104814	0.05102189720173794	-0.023766165571289077
	6.742082884590197	8.529461060170405	-0.06747625279265826	-0.07782270116739819
	16.942030409197713	17.098152670577527	0.04403657443538703	-0.01618179304960672
	18.243808240844455	1.4599216020135009	-0.07836292976927389	0.015204919116198007
	18.68277309917566	18.22785778897799	-0.08351856683894143	0.05417021189816634
	16.571075762370292	9.765828377145567	0.03225309153720621	0.053048620675769514
	14.586251441422215	7.8968645353737426	-0.008808628300591842	-0.0038661643633704224
	12.42298933147005	0.3619595530080022	-0.06891328845041318	0.0619248118129557
	16.17245545200857	18.081844965800563	-0.06703207289695515	-0.001676435067357221
	4.511339755266688	12.213716786266742	0.03378525956297501	-0.06961727851137045
	5.303390720580552	2.351522018828629	0.05290548388626823	-0.0040354430570813254
	6.671585406318443	0.8555872141112619	-0.02849774560061498	-0.034101578456216156
	19.633840403925802	15.890819584073277	0.06889137644488025	-0.05883221276149458
	15.9662865378356	7.790759585498663	-0.08840264084081279	0.09770464209978943
	6.335151968208952	3.1481652653757553	0.08463951371787634	0.06502509240030077
	16.503280230511738	9.674843721879029	0.0785134750524181	-0.048160848174979926
	0.46473780868628856	6.299925088253479	0.031062437005801247	0.07166703800532709
	0.89791500598571	8.92493811870086	-0.04454756900586474	0.0542770839616733
	1.8734943249509373	17.276712040192958	0.05148208515547323	0.06243419175123835
	4.140701481927271	4.758551224100918	0.0382908220724347	-0.04585439675436301
	17.687889029864134	6.272108259144362	-0.09387520518723885	0.05257022830031918
	3.0887625484805126	11.655184649623456	0.06024796428257104	-0.09859811528226166
	6.172984985025081	10.455109825181879	0.021541436612036377	0.01335317325129795
	18.881494740188266	10.846649323202612	-0.09086165679923629	0.06198846063051294
	2.1772127765436444	18.03338995434119	-0.0829611752871684	0.04933883561416433
	9.287890702253534	9.680476932320431	0.018610982918853256	-0.0916374330386761
	4.379219754686003	14.865257100276965	0.0029039380145883253	0.0033983107477331825
	13.324998255306056	3.5640749505739233	0.03059878734915561	-0.015570937361477966
	0.2016777058202468	13.493964701040147	-0.03585226220569482	0.07148925163357794
	11.444026304428762	5.685537106524146	-0.0017290175901408522	-0.08871070714734593
	15.526430356517508	17.778813237282492	-0.08130927932014531	-0.09539155863405302
	11.162636218852107	10.820319858140433	-0.07289782707799804	0.07385101812693082
	3.2399288468377607	10.223257695369556	0.07035756639489935	-0.02286906239367452
	0.22898946123413477	11.271272654981406	0.03624195406855896	-0.0917725761048798
	7.157406316599221	3.651031707126342	0.06474375276292454	-0.09125100149336887
	7.235158467833531	5.352781298701901	-0.036810936228291125	0.09598600786099726
	16.01878722699443	14.05705979028205	0.09996206799961893	-0.058518358452145064
	13.054526615479885	11.818077564724545	0.03184472175328007	0.0636909037984231
	16.01885845202427	7.260730514299507	0.04447248814759874	0.09373370242352994
	5.559851049672808	7.242043594784835	0.05733978887559257	-0.015184886451482055
	19.728754374408123	8.414868281109344	-0.029356000375309763	0.04014087863958132
	4.785678095638559	17.610117869221142	-0.02939911725214428	-0.014018185768570321
	14.28534419621718	0.47453351628870655	0.025392476672374903	0.09894518312008363
	6.030841853175084	0.2272015481723555	0.011440902172369954	0.07062685897181831
	12.369643014424042	15.405558094131734	0.02818383057907828	0.047903011024369085
	14.353804835697852	7.548728803084101	-0.03897044726428925	-0.009442757583831327
	5.7648858028430805	0.2135029492704188	0.011887079952032448	0.035235796147104176
	15.495627373011567	10.649363240847203	0.06292005755185143	-0.08048673801643552
	13.17946012082577	18.799508356043372	-0.09659271291452808	0.0038911059975075962
	5.472394559114761	16.783051173552906	-0.0836217860863397	-0.08727519410452717
	1.5393964503509117	10.200289516304792	0.07872358681145064	0.0053898270635855255
	3.910944067544293	2.8514483949174263	-0.08341938221234968	-0.027414895509366294
	3.0996658747070938	3.9453073105376446	0.020902869667938376	-0.056207176137893236
	4.65878299388984	4.586024494672851	-0.03668110846955208	0.08294800173789793
	9.493055569742964	14.064926766796956	-0.040145009689203606	0.06082840921779367
	11.28111291071817	9.862411646621922	-0.03683276649872236	0.023187699820911928
	18.229935138700316	14.709163689137624	-0.02095932132639733	0.0499796470675426
	4.76490042831208	3.803872087975393	-0.090359088297801	-0.07195730876024516
	17.181739029881946	2.3873891199184816	0.03703864438279286	0.07033836104155106
	16.08197776662496	3.1940147996008195	0.041693566406172056	0.02039840185015873
	18.225546042599813	12.515149439646843	0.0708237111872961	-0.07970937409604224
	7.2201814095673615	18.207191374249646	-0.04702850291774521	-0.08845405449758503
	12.496644459846582	1.2550478603487392	0.022803054610624846	0.026606158736384805
	0.8735639522909477	10.578271899098223	-0.0474364446573083	-0.06291290494932707
	16.59052094697194	7.564394319753136	0.0651029930187349	-0.09373803719774061
	1.1897578785390395	19.071785305266168	0.06255540704396298	-0.023461492189572525
	11.575230306657147	14.91313983966889	0.08229410312357874	-0.033661595973586866
	15.804585216885132	15.473694917572612	-0.021482676643304693	0.09082093815110534
	4.819642741662415	17.311362474567265	0.017687665807805786	-0.07841640885888984
	2.8510564066581745	17.317352481379896	-0.08387501822809745	-0.09579790330150693
	8.4125914735234	0.08638187066378755	-0.011468134718574774	-0.07025010294160544
	5.7119161151681475	17.16846195623148	-0.07956692782132523	-0.04410545158491235
	7.34247487503608	12.275334932896085	-0.06811862346375738	-0.028435886176277667
	2.9919336862119317	12.532164602304317	-0.07610829397696424	0.05139285182643291
	5.626403696993016	14.549851359317383	-0.044390632701525726	0.035200693495324564
	11.518168583203225	15.308633815814481	0.005016177095008262	-0.04523298305280248
	9.222507921848548	14.26522083946304	-0.06202380173025268	-0.0956147529048628
	16.133466618630898	5.211855800529546	-0.07830938231940653	-0.01948786984108082
	10.828554590769697	7.527259158211114	0.044364461849820264	-0.005236706863092855
	1.6304794123481359	7.67954665259464	0.07140673171074804	-0.03281320250733459
	3.5645570622711586	17.095822997003445	-0.08876472108288874	-0.06507289344940576
	9.380526532803842	3.5404463952002807	-0.03469118157678118	-0.055044094604725306
	8.056588001149503	4.494741593610245	0.08505610375548164	0.046501289939453405
	14.043651750886186	15.068499867399263	0.0937368226507376	-0.05471406486473518
	10.583537005259014	4.873686048876982	0.0978955615693313	-0.05805449386235378
	14.203262073579399	1.0417296392398212	-0.0919706852253724	0.04342404818156537
	18.718091671785153	3.968294222680522	-0.088423730159822	-0.07075933793902639
	14.850760756582307	12.036871861003336	-0.05333127143582442	0.07292471163246281
	5.287740963957701	7.930647362695254	-0.03127828192901953	-0.0106174241898144
	9.352617163259275	6.429144444570996	0.09342140066270987	-0.0936292823014489
	11.50114636906489	8.852970845853038	-0.04827121430706043	-0.024384972666333174
	3.8643613141158517	7.429781462592571	-0.02905465416883672	-0.04243192902574011
	15.729742020699838	1.4832187965951715	-0.030357344221894983	-0.027408076228664507
	8.1130015726967	11.98225982699952	-0.05459106358679753	0.027877101924583952
	5.703965720757653	19.93198001653447	0.06810627511208556	0.0491660323587608
	3.0514101758503553	3.4514251314514155	-0.05401592443051191	-0.0070249863364948845
	18.77805168492566	17.095924624062473	0.08900175554618467	-0.059740379348836095
	8.095249594513103	11.777993906599008	0.087647647390005	-0.093772222599846
	17.43684864450144	4.073794973588349	-0.005903482688491474	-0.09871980086420927
	8.485037906694439	7.134211165840323	-0.07345459271504562	0.08098223240703226
	5.362651150358204	2.026717689460036	0.010952145768131194	0.09280219728350386
	6.772988378360251	6.10469633440708	0.0742428046578498	0.0064719451646815945
	3.1495752579143166	14.735408195703265	-0.040450552954689384	-0.026256550424666056
	11.516291187152792	13.029820572182738	0.050507459095488344	-0.049336746288674994
	12.147527521569902	6.5326021994091406	0.07452824948201761	-0.0919770263390266
	10.965531304173162	13.3872156401672	0.0638384511125342	0.008250767498656539
	19.937361739405684	7.339852016503292	-0.049363936644781226	-0.07730548591188491
	19.868967891311158	0.9503129973054447	0.07477773222406994	-0.03685571792386498
	1.5833339435381633	4.213584477120302	-0.09207516364717794	0.09480793308421967
	13.470439858048007	15.951079626867656	0.019109483300360372	0.052172063631839294
	7.078510246873617	17.106113966319118	0.09843044186469038	-0.010241419799933954
	14.360678159841294	17.58741020807341	0.04637331733897701	-0.05964193656617518
	17.29330605333843	15.473081723949523	0.05751485082054972	-0.07435761989167287
	15.048860595005264	10.95390896570784	0.06368779856559187	-0.05198636773600818
	18.256869214354317	11.909566938370713	-0.059253813640406584	-0.003857700530595795
	1.9532441990150362	15.838075372151126	-0.03429919105372224	0.006016971978439908
	6.745550558328411	9.172908774172097	-0.018862723468776335	-0.051270339622593135
	14.966774841819424	2.812196438579937	0.0785537983760618	-0.04196356925335303
	18.92223402433342	17.75104537847737	-0.04824148989097532	-0.014528480913873959
	10.835577241219845	10.664518985103824	-0.05093282415612948	0.07708659381891486
	8.164838210960355	2.560971248122119	0.02518624128788194	-0.06950679669795112
	18.29527979411604	18.451567958382697	0.06992442915353594	0.018688856420642774
	8.241814253632796	19.41268476482534	-0.016056811211165797	-0.00884707353456285
	18.242147229185644	15.316749548559041	0.047452851292587	0.09404104587308845
	3.6370245841672966	4.54978613277105	0.055032656910742855	-0.07075691926596422
	13.173029273185975	11.708659155359882	0.09066911851419096	-0.08601657596707722
	10.09588661273499	3.8786584081295095	-0.08313630085894248	0.05404085251611021
	6.710172185521137	6.745804165978555	-0.07142175229970947	-0.07181872487527377
	5.359221529728567	12.423961026114153	0.05830963847681073	0.05078836494474137
	16.233954435845263	8.212723808791685	-0.05271527582918243	-0.03617299126859255
	2.5707670780279113	19.098927199591664	0.057337712216134346	0.06619053067376857
	9.478656389826163	14.035771349308357	0.07929501758901433	-0.045702389067103756
	6.988845256757921	17.05475203135687	0.09059290345076923	0.08677658187962464
	9.40339702412724	7.07510835926654	-0.025539121265916204	0.04058600071550156
	0.4022167174719016	5.674135889956899	0.08551426576192761	0.06647899926555836
	10.732396725386018	8.682741948114758	0.03533324924979375	-0.07304221577654205
	17.044666743940194	16.699824831747428	-0.016992484123160706	0.08654142229583728
	16.265772318891536	0.7147095259196945	0.009266861075511862	-0.022832463429305644
	9.822418732485357	4.039774954337771	-0.008607193041836547	0.06387495174678753
	11.39408408254015	0.5488089881361202	-0.004564127338361715	0.04870172350491325
	16.312989677601774	4.466348915825704	0.08129205544404364	-0.03675999175452875
	11.206893043031972	19.147543750436324	-0.05300865380293345	0.07989810717121787
	0.2636377892839481	4.727734026515636	0.0963153808864746	-0.08586123739087037
	16.167628866485945	8.31923757870877	0.02691151623336069	-0.03157572253661399
	6.212080586159523	19.51554546062113	-0.06414836827114873	0.0850609892701733
	19.534073911565496	10.068553985867394	-0.08933378953639218	-0.0905192049039292
	2.3716996095044673	14.28337564314345	-0.09603676806941093	0.02573392644574557
	2.535830493064224	18.29093804396036	-0.08036290260470946	0.09822725305513366
	0.0679732337895822	17.086813627163302	-0.08766911845782735	0.052284651030711976
	11.77714613713313	11.053777038626487	-0.08369432887258454	-0.056687658395406286
	6.782407406777937	14.416249768129894	-0.024610967597914007	-0.0792688277544079
	17.415515002903955	10.32036000996217	-0.004458676475404391	0.08702186073682874
	14.254779245429688	17.419565461592768	-0.057761753994959336	-0.08902364604940848
	0.37350382336929666	15.210996534680888	-0.0341079929635036	-0.01755864576856836
	3.114022261235383	16.962575900478118	0.07261601303684156	-0.07351346638436272
	12.173272747413437	14.758936281396869	0.030600450306232096	-0.060837021896244695
	1.152622704619679	18.650888642806063	0.08315275915726392	-0.09590548113003126
	11.94031080961244	16.60701023173483	-0.04986087097493022	0.016448874418578938
	3.628934300412139	2.237617557195717	0.06533523498956037	-0.07612545687406354
	11.704913869496082	9.204202137548624	0.09637746954289847	-0.0836036749337254
	10.876326672980296	3.7671641406786183	0.00804462535187811	-0.08920561658834827
	13.336987664239095	6.799629744872433	-0.006934787394730524	-0.0904674657120435
	1.0176480532437315	13.356076977630513	-0.05476774736045873	-0.07214209550802111
	18.28176980718776	8.894709195417374	-0.021864008440372645	0.011399945443427456
	13.727978462543284	16.687764433298916	-0.006759217032989179	-0.02529114218585425
	14.721109625268555	18.80254304658595	-0.07959433109096065	-0.07892438713070081
	14.758207504514758	4.098627837303006	-0.05752556187248845	-0.07382519666132226
	15.866968228848679	9.576867665402753	0.0765601298169574	0.031201122376698393
	0.32649430816392044	7.558957410106542	0.024566780861817558	-0.028012366101932626
	17.80083622860152	19.811165110225836	-0.016102299228067246	-0.07601781636609957
	5.504183769418958	2.902719629042947	-0.01110982329645667	0.051925161086581795
	5.604798452235757	6.671835700324637	-0.0498884648408545	-0.021249929711254986
	1.3673148905889487	12.336139672216602	0.09119613381566594	-0.08012411066806291
	2.4869985051566834	19.017598266113165	0.023467685635119695	0.034059623415856916
	1.9543546408821633	0.555771946535677	0.022371226157627988	0.015837062740139143
	8.186302355680745	19.570580275494322	-0.09494506947527033	0.07093159784534292
	13.965348632120737	16.73252450583472	-0.013261527053586658	0.07661374533402024
	10.147971788837701	1.842826596269651	0.09935264258812654	0.013729744606817793
	9.65719669413218	14.168889198841887	0.07702945686350263	-0.026005392015705092
	13.794209472827783	14.88524215868312	0.0901833516604307	-0.018704000291269215
	6.534294066439026	19.61241136928894	-0.0129022934792139	0.033437827426806566
	6.670454205141545	6.914277112876626	0.07618703267919244	0.06334978345297854
	16.203318754132443	5.009213245938389	-0.046360759624669304	0.05680843872099492
	5.33034218944729	7.484919125901235	0.003274303104672069	-0.05420954054254297
	19.15546401597395	15.907159040338925	0.02463144605794529	0.04946608291045046
	13.529280819491634	7.116863552756394	0.09108615428611527	0.06342451975136842
	12.258958453444773	12.769049103203452	-0.08510325069856937	0.03501019096176114
	5.628615843255997	3.144001024914951	-0.03369183835842353	0.019772187188241988
	1.3892367689156426	4.131988519230694	0.028142965293311284	-0.06975283854160569
	0.06939247202559118	1.045640615604142	0.08775732157971061	-0.019009285419427327
	12.89366725887099	13.849878671696978	-0.09997263662103568	0.04845212867825971
	4.3567618804341475	11.631178740030412	-0.02351995903793376	0.024584525001124916
	14.482258628381782	8.581743645610187	-0.051763078428242265	7.556123392769842E-4
	15.203091811118272	6.188196548204353	0.048670199631465544	0.0034552292797890988
	8.655313890077405	16.23939659907775	0.0032725174894694675	-0.026506808864250747
	5.309896038549111	4.06725127234054	-0.009963673946711243	-0.02802270396252586
	9.923524068909693	11.283728819241288	0.03757008488550581	-0.026385877288036236
	1.725705403358353	10.164909071139265	0.007317417142285426	0.013167933335205606
	0.8455218227971595	8.559682482949922	0.010787149286244468	0.05475273068284048
	19.799055686262882	13.37985552216069	-0.05403281506969071	0.004652670505264661
	1.3024568297131278	13.785753123746183	0.0055283592601255566	-0.036675953972549
	1.4527783227830948	1.3551813743524987	-0.02740324267177484	0.06601079568003751
	0.44867482312790363	5.864647246771392	0.04047907770312187	0.07701316209164186
	16.83783320691588	1.6832482032560714	0.0865863034841953	-0.05878225759518481
	11.422119818998	13.857504266627178	-0.08313870150939251	-0.05271451478238294
	4.381928590751354	5.237796142085553	-0.052653765795380975	-0.012715722501976862
	15.167612016972726	19.764867453081273	-0.020678498691922953	0.003052810852534754
	5.830232685608432	3.411257472040725	-0.017970942816880678	-0.03617490812049502
	1.620675519649486	7.183378505543995	-0.04619457969757841	0.02438820503654686
	0.08248474001566253	17.773501502329694	0.07306318940161005	0.04817238676404684
	14.019135563294103	5.457940168772744	0.06266991051830534	0.053190150225214866
	12.462869187280074	18.031536234548536	-0.08429961224765375	0.036782605880816444
	15.254222535410616	9.124888633001158	0.011227519449409848	0.07195454733731854
	14.51602985105994	12.157959559741991	-0.01716124003413859	-0.06393243523424891
	3.94245914075134	3.2424773625749492	-0.009885380968508176	0.05232073978221696
	13.50464041860553	11.169238737669563	-0.06229635523666837	0.09441376203676688
	12.29413667338729	16.630779020640126	-0.05568075044924084	0.051815684744740326
	0.4909805496700237	0.2731831790853012	0.09453891337621154	0.08203670374504643
	17.87371957133321	17.093871108365633	0.02240021892071982	-0.07977189557960772
	1.2169922963816338	7.968245701929613	-0.0567183561334804	0.08644968864621022
	16.992037582639853	15.372970242325632	-0.0616257706868026	0.06630240587843536
	14.954324164792007	15.165581098316562	0.026263321251900618	0.05870951209698089
	18.739679343521406	17.879949319536298	-0.04605684270283892	0.03094974885738122
	13.077908662258865	7.5180621355037935	-0.01669883863506791	0.019234165454936544
	5.565505023359427	2.186457955884127	-0.07982106749015405	-0.08506828456730134
	1.3236376182623788	5.8787401676270035	-0.03388669476596609	0.01187052179452841
	8.823743997724275	3.794649264718053	-0.0945212714428183	0.016979622584473414
	7.522742941201566	12.174516514009003	0.06381214517534362	-0.018977105472671535
	5.857676962260072	17.89129228797407	-0.01945142883172743	-0.047429532400501455
	0.06251526877844693	0.9690712010579983	0.07830012204856057	-0.06096408575637613
	18.95741602704033	15.587835295612445	-0.06863131839187749	0.04408826158533663
	11.405023026611678	10.60238174047581	-0.05828710981365988	-0.010341733035737849
	5.92384686316236	10.574763445027255	0.027539265611848135	0.09985731167069706
	15.702531516867248	2.0324375512413484	0.07762483464247863	0.07829649648990603
	16.990316259636824	9.169380437643238	0.08610074950043284	0.032541848776315885
	9.880349722697542	18.36804552696339	0.07355241186645628	-0.04909916889862551
	13.498185662876956	14.411915175380992	-0.06013226684130686	-0.09333580636216324
	13.51485898572211	13.569897811270907	-0.04563899489089332	-0.07929197068652934
	19.991894226791167	13.165646171788907	0.04451132321215856	-0.04949854028907999
	14.416518983941305	4.910355231577965	-0.07549871747703318	0.06569877287500328
	13.293720851536573	14.102514636760876	-0.05993026005151463	0.019378646431968807
	4.0346709158856715	0.520683989428592	0.08157147566564213	0.009510172077870166
	19.63795058526516	4.006473054766005	0.020262483136147605	-0.04461628982777697
	9.63298694114192	0.7177601729984029	0.09452215363371394	0.07467664528236004
	14.088688461730126	10.002603721501105	-0.04307142994684352	0.05278812901314606
	18.641453804054965	9.790540451295502	-0.013109516170340882	-0.06054472581813286
	15.23510188974485	16.120821125283125	-0.022895263324155854	0.008964115409164725
	4.6728057187131995	3.539878989466867	-0.0312287221736222	-0.021875436254072955
	2.55238785239005	4.028751900000172	-0.0032952153460444056	-0.08265230983457555
	4.3983489402093685	17.103549296307992	-0.07919764429397501	0.0195283092726177
	13.836309442911483	9.819171104407955	-0.0225434213575135	0.04200434634803937
	19.81015842044535	7.461615213359753	0.04926219879327595	-0.08023085247799473
	5.76366567161104	11.413143532414324	-0.00730153565385408	-0.09738785580869354
	11.353656472929226	5.505569102417156	0.0034480250210038588	-0.08766086710504029
	1.9005955153306386	4.440823102592912	-0.03716773094681991	-0.0058153417375132604
	3.99661011253865	3.667947585215543	-0.02517709367517844	-0.027392541763923847
	9.375148006503517	8.387614493680216	0.05267526546834189	0.06761409545623015
	10.507620508094348	6.847405404342563	-0.01800934391230305	0.013468396988384562
	17.950075964293937	9.344210546924385	-0.08935106242792022	-0.0948772050475531
	4.0492075024543706	6.72751663920706	0.08637773054797046	0.015085157570375013
	3.3763526176897263	10.87477687332196	0.07368745222531403	-0.061031035295632544
	5.647621569261194	2.5758483327405846	0.08057156320529232	-0.01595169362328383
	0.6774312026960017	10.318357845502476	-0.038055613157588875	0.08226049043343334
	11.183549059774847	5.223139299341195	0.044585125031291334	-0.06409982458052624
	12.40880250171995	4.264339889611541	-0.056178771949311715	-0.032511659314709715
	7.254905206709172	5.160691756464635	0.0748877568303373	0.09985946572545712
	11.956942907953207	13.993603525829707	-0.03546323495367454	0.021398965063901265
	15.594948889886231	0.5573683990136069	0.05686273950285878	0.055713097128226446
	12.586263887331624	9.352768014711959	4.015860928961307E-4	0.0440829009098507
	1.685966079909107	6.485867120063498	-0.026577722269932158	-0.06977485334691079
	19.212218571058607	17.829719301266614	-0.07384262883815783	0.0056645664242716
	4.790825494407354	2.761228118143395	-0.07916910839053103	-0.09595443738200922
	1.7732410846997304	14.524389963801628	0.06418589051209278	0.025736095434731793
	13.831716151392682	4.532809745962116	-0.06264135501433972	-0.09001588530718896
	6.593732914907275	18.259543375165585	-0.07791211008625704	-0.04131417478448216
	6.377429639469961	17.13424686987525	-0.058794246473241475	-0.06035213335602985
	15.274842203892957	9.252090157077928	0.01907755003243143	0.07232989858877648
	6.457560638112683	4.684191836552316	-0.07878937773119368	0.01782332939972353
	9.419304258672899	14.566258585752454	0.05183323793128475	-0.022236781948092796
	1.0040500653659046	0.5439163958998461	0.027173522291150554	0.052617090242491754
